1012
109
11
1134
116
1163
117
1210
122
1241
125
127
1274
1290
13
131
134
141
1469
1518
16
161
179
182
186
192
193
202
204
205
206
218
219
225
226
2430
244
259
262
264
265
270
272
274
280
282
2894
29
290
296
304
307
309
313
319
322
324
3258
33
3322
3331
346
348
3633
3659
370
397
398
41
410
413
415
425
437
443
444
449
46
470
474
475
483
484
485
487
499
508
509
510
511
514
515
534
536
537
556
557
561
565
570
574
575
580
584
6
607
614
630
635
645
649
666
673
682
691
692
693
694
695
696
698
700
701
703
714
738
740
753
814
815
816
82
823
827
830
85
856
86
91
920
925
935
96
966
977
978
99
999
