
109
11
110
1134
116
1163
117
119
122
1226
125
127
1290
13
131
134
141
16
161
164
179
182
186
192
193
202
203
204
205
206
218
219
225
226
244
253
259
262
264
265
270
272
274
280
282
29
290
296
304
307
309
313
322
329
33
346
358
370
398
401
41
413
415
425
437
443
449
46
470
474
483
484
485
487
498
509
510
514
515
536
556
561
570
580
6
607
613
614
630
645
649
666
682
691
693
694
695
696
698
700
701
714
738
740
76
814
815
816
82
823
827
829
830
85
86
899
91
920
925
935
96
977
978
99
999
1022
1232
1125
1099
1012
692
1210
979
856
966
753
