16 1
29 1
33 1
41 1
46 1
76 1
82 1
102@e26906dc1d 1
110 1
116 1
122 1
122@ab80858105 1
125 1
131 1
179 1
192 1
244 1
270 1
301@e26906dc1d 1
358 1
406@e26906dc1d 1
410@e26906dc1d 1
415 1
418@e26906dc1d 1
431@e26906dc1d 1
443 1
450@e26906dc1d 1
458@e26906dc1d 1
479@e26906dc1d 1
491@e26906dc1d 1
508@e26906dc1d 1
543@e26906dc1d 1
565@e26906dc1d 1
568@e26906dc1d 1
584@e26906dc1d 1
607 1
613 1
635@e26906dc1d 1
649 1
692 1
692@1db0e875ff 1
692@26ac9bedd3 1
692@e0596a1252 1
693@26ac9bedd3 1
694 1
695 1
698 1
700 1
701 1
704@e26906dc1d 1
714 1
730@e26906dc1d 1
734@e26906dc1d 1
738 1
740 1
740@26ac9bedd3 1
740@ab80858105 1
814 1
823 1
823@ab80858105 1
827 1
828@e26906dc1d 1
830 1
920 1
977 1
1012@e0596a1252 1
1028@e0596a1252 1
1028@e26906dc1d 1
1035@e26906dc1d 1
1037@e0596a1252 1
1037@e26906dc1d 1
1099@e0596a1252 1
1125@e0596a1252 1
1142@e26906dc1d 1
1144@e0596a1252 1
1144@e26906dc1d 1
1226 1
1226@e0596a1252 1
1244@e26906dc1d 1
1274@e26906dc1d 1
1290@e0596a1252 1
1312@e26906dc1d 1
1361@e26906dc1d 1
1518@e26906dc1d 1
2238@e26906dc1d 1
2462@e26906dc1d 1
2898@e26906dc1d 1
3253@e26906dc1d 1
3275@e26906dc1d 1
